polyloc <- structure(list(
'1'=matrix(c(8.8,8.81,8.82,8.83,8.84,8.85,8.88,8.89,8.9,8.91,8.92,8.93,8.95,8.96,8.96,8.97,8.98,8.98,8.98,8.98,8.98,8.98,8.98,8.99,8.99,8.99,9,9,9.01,9.01,9.01,9.01,9.01,9.01,9.01,9.01,9.01,9.01,9.02,9.02,9.03,9.04,9.06,9.08,9.09,9.1,9.12,9.14,9.17,9.18,9.19,9.21,9.22,9.22,9.23,9.24,9.24,9.24,9.25,9.25,9.25,9.25,9.25,9.24,9.24,9.23,9.23,9.22,9.22,9.21,9.2,9.2,9.2,9.21,9.21,9.22,9.23,9.24,9.25,9.26,9.27,9.27,9.28,9.29,9.3,9.31,9.32,9.32,9.32,9.33,9.34,9.35,9.35,9.36,9.36,9.37,9.38,9.39,9.41,9.43,9.51,9.52,9.53,9.56,9.58,9.63,9.64,9.68,9.72,9.73,9.76,9.77,9.77,9.78,9.79,9.79,9.8,9.8,9.81,9.81,9.82,9.83,9.85,9.86,9.9,9.91,9.92,9.92,9.92,9.92,9.91,9.91,9.9,9.9,9.89,9.89,9.88,9.88,9.87,9.86,9.86,9.86,9.87,9.88,9.89,9.9,9.93,9.94,9.95,9.95,9.98,9.99,10,10.01,10.02,10.02,10.03,10.07,10.09,10.11,10.12,10.13,10.14,10.15,10.16,10.17,10.17,10.18,10.19,10.2,10.21,10.23,10.27,10.3,10.31,10.33,10.35,10.36,10.37,10.38,10.39,10.4,10.41,10.42,10.43,10.44,10.45,10.46,10.47,10.48,10.5,10.52,10.55,10.56,10.56,10.57,10.59,10.6,10.65,10.65,10.61,10.61,10.6,10.6,10.6,10.59,10.59,10.59,10.58,10.58,10.58,10.58,10.59,10.59,10.6,10.6,10.61,10.63,10.64,10.65,10.65,10.66,10.66,10.67,10.67,10.68,10.68,10.69,10.69,10.69,10.69,10.68,10.68,10.66,10.65,10.64,10.63,10.62,10.59,10.54,10.52,10.51,10.49,10.48,10.47,10.46,10.46,10.45,10.44,10.43,10.42,10.41,10.38,10.38,10.37,10.36,10.35,10.33,10.31,10.29,10.28,10.28,10.27,10.27,10.26,10.23,10.23,10.22,10.21,10.2,10.2,10.19,10.18,10.18,10.17,10.16,10.16,10.15,10.14,10.14,10.13,10.12,10.12,10.11,10.1,10.1,10.09,10.09,10.08,10.07,10.07,10.06,10.05,10.04,10.03,10.02,10.01,10.01,10,9.99,9.98,9.98,9.97,9.96,9.95,9.94,9.93,9.92,9.91,9.91,9.9,9.89,9.88,9.87,9.86,9.84,9.83,9.83,9.82,9.81,9.8,9.78,9.77,9.76,9.75,9.73,9.72,9.7,9.69,9.67,9.66,9.65,9.64,9.64,9.63,9.63,9.62,9.61,9.61,9.59,9.57,9.55,9.54,9.53,9.52,9.51,9.49,9.48,9.46,9.46,9.45,9.44,9.42,9.41,9.4,9.38,9.37,9.36,9.36,9.37,9.37,9.38,9.38,9.39,9.4,9.41,9.41,9.41,9.42,9.42,9.42,9.42,9.43,9.42,9.42,9.42,9.41,9.4,9.4,9.39,9.38,9.37,9.35,9.34,9.34,9.33,9.33,9.32,9.31,9.31,9.3,9.3,9.29,9.28,9.25,9.23,9.22,9.21,9.2,9.2,9.19,9.19,9.19,9.18,9.18,9.17,9.16,9.16,9.15,9.14,9.14,9.13,9.13,9.12,9.11,9.09,9.08,9.07,9.06,9.04,9.03,9.02,9,8.99,8.98,8.97,8.95,8.93,8.9,8.87,8.86,8.84,8.84,8.81,8.8,8.77,8.76,8.75,8.74,8.7,8.69,8.68,8.68,8.66,8.65,8.64,8.63,8.62,8.61,8.6,8.59,8.56,8.55,8.53,8.52,8.51,8.49,8.43,8.42,8.42,8.41,8.41,8.4,8.4,8.4,8.39,8.39,8.39,8.39,8.4,8.4,8.4,8.41,8.41,8.42,8.42,8.43,8.43,8.44,8.44,8.45,8.45,8.46,8.46,8.47,8.47,8.46,8.46,8.45,8.44,8.43,8.42,8.41,8.41,8.38,8.37,8.36,8.36,8.35,8.34,8.33,8.32,8.31,8.3,8.29,8.28,8.27,8.26,8.24,8.22,8.21,8.19,8.18,8.16,8.13,8.12,8.11,8.11,8.1,8.09,8.08,8.07,8.06,8.05,8.04,8.03,8.01,7.99,7.98,7.95,7.94,7.91,7.86,7.83,7.83,7.8,7.79,7.78,7.75,7.74,7.72,7.7,7.69,7.68,7.67,7.65,7.64,7.64,7.62,7.61,7.57,7.54,7.53,7.52,7.51,7.5,7.47,7.45,7.44,7.41,7.39,7.38,7.36,7.35,7.31,7.3,7.29,7.28,7.25,7.24,7.23,7.21,7.2,7.2,7.19,7.18,7.17,7.17,7.15,7.13,7.13,7.12,7.11,7.08,7.08,7.07,7.06,7.05,7.04,7.03,7.02,7.01,6.99,6.98,6.98,6.98,6.98,6.98,6.98,6.99,6.99,7,7,7,7,7,7.01,7.01,7.01,7.02,7.02,7.01,7.01,7.01,7.01,7.02,7.03,7.03,7.02,7.02,7.01,7,7,6.99,6.99,6.99,6.98,6.97,6.97,6.98,6.99,7.01,7.02,7.04,7.04,7.08,7.09,7.11,7.14,7.18,7.19,7.21,7.27,7.28,7.31,7.33,7.34,7.36,7.36,7.37,7.38,7.38,7.39,7.4,7.41,7.41,7.42,7.43,7.44,7.45,7.46,7.47,7.47,7.48,7.48,7.49,7.49,7.5,7.5,7.51,7.51,7.52,7.53,7.53,7.54,7.54,7.55,7.56,7.59,7.59,7.59,7.59,7.59,7.6,7.6,7.6,7.6,7.6,7.6,7.6,7.61,7.6,7.6,7.6,7.6,7.61,7.61,7.62,7.63,7.64,7.67,7.68,7.65,7.65,7.66,7.67,7.68,7.69,7.69,7.7,7.71,7.72,7.73,7.74,7.74,7.74,7.75,7.76,7.77,7.78,7.79,7.8,7.81,7.81,7.83,7.84,7.85,7.87,7.89,7.9,7.91,7.91,7.92,7.92,7.93,7.93,7.95,7.96,7.97,7.98,8,8.01,8.01,8.02,8.03,8.03,8.04,8.04,8.05,8.05,8.06,8.06,8.07,8.07,8.08,8.08,8.09,8.09,8.1,8.1,8.11,8.11,8.12,8.12,8.13,8.13,8.14,8.14,8.14,8.14,8.14,8.13,8.13,8.14,8.14,8.15,8.16,8.17,8.18,8.19,8.2,8.2,8.21,8.22,8.23,8.23,8.24,8.24,8.25,8.26,8.26,8.27,8.28,8.29,8.3,8.33,8.34,8.37,8.38,8.39,8.4,8.4,8.41,8.42,8.43,8.44,8.44,8.45,8.45,8.46,8.46,8.47,8.48,8.49,8.51,8.52,8.55,8.56,8.57,8.58,8.59,8.6,8.61,8.62,8.63,8.63,8.63,8.63,8.64,8.64,8.64,8.65,8.66,8.66,8.67,8.67,8.67,8.68,8.68,8.69,8.69,8.7,8.7,8.71,8.71,8.72,8.72,8.73,8.73,8.74,8.74,8.74,8.73,8.72,8.72,8.71,8.7,8.7,8.69,8.68,8.68,8.67,8.65,8.63,8.62,8.62,8.61,8.61,8.6,8.6,8.59,8.59,8.59,8.59,8.59,8.6,8.61,8.62,8.63,8.63,8.63,8.64,8.64,8.65,8.65,8.65,8.65,8.65,8.65,8.65,8.65,8.65,8.65,8.66,8.66,8.66,8.68,8.68,8.68,8.68,8.69,8.69,8.7,8.7,8.7,8.7,8.71,8.71,8.71,8.7,8.7,8.7,8.7,8.71,8.72,8.73,8.74,8.75,8.75,8.76,8.77,8.78,8.79,8.79,8.8,8.81,8.81,8.81,8.81,8.81,8.8,10.35,10.35,10.35,10.35,10.34,10.33,10.32,10.32,10.32,10.32,10.32,10.32,10.31,10.31,10.3,10.29,10.28,10.27,10.25,10.23,10.22,10.21,10.2,10.19,10.18,10.17,10.16,10.15,10.14,10.13,10.12,10.1,10.09,10.07,10.04,10,9.99,9.97,9.96,9.95,9.95,9.96,9.97,9.98,9.99,10,10,10,9.99,9.99,9.98,9.96,9.95,9.94,9.92,9.91,9.9,9.89,9.89,9.88,9.87,9.86,9.85,9.82,9.81,9.8,9.79,9.79,9.78,9.77,9.74,9.73,9.72,9.7,9.69,9.68,9.68,9.68,9.68,9.68,9.68,9.67,9.67,9.67,9.66,9.64,9.63,9.62,9.61,9.6,9.59,9.58,9.57,9.57,9.56,9.56,9.55,9.55,9.54,9.53,9.51,9.51,9.51,9.51,9.51,9.51,9.51,9.51,9.52,9.52,9.53,9.53,9.54,9.54,9.55,9.56,9.56,9.57,9.59,9.6,9.61,9.62,9.63,9.63,9.64,9.64,9.65,9.66,9.67,9.68,9.69,9.7,9.7,9.71,9.71,9.72,9.72,9.73,9.73,9.74,9.75,9.76,9.77,9.78,9.79,9.79,9.79,9.79,9.79,9.78,9.77,9.77,9.76,9.76,9.76,9.75,9.75,9.75,9.74,9.73,9.72,9.72,9.71,9.71,9.7,9.7,9.69,9.68,9.67,9.66,9.66,9.65,9.65,9.64,9.63,9.63,9.62,9.62,9.61,9.6,9.6,9.59,9.58,9.58,9.57,9.56,9.56,9.56,9.55,9.54,9.53,9.51,9.49,9.48,9.47,9.47,9.46,9.45,9.46,9.46,9.43,9.42,9.41,9.4,9.39,9.39,9.37,9.36,9.35,9.34,9.33,9.3,9.28,9.24,9.2,9.17,9.13,9.08,9.06,9.04,9.03,9.02,9.01,9.01,9,8.99,8.98,8.97,8.96,8.95,8.93,8.92,8.91,8.9,8.89,8.89,8.88,8.88,8.87,8.87,8.87,8.86,8.86,8.85,8.85,8.85,8.84,8.84,8.83,8.83,8.82,8.81,8.79,8.78,8.78,8.77,8.76,8.74,8.73,8.71,8.7,8.69,8.69,8.68,8.68,8.65,8.64,8.64,8.63,8.62,8.61,8.61,8.6,8.59,8.59,8.59,8.58,8.57,8.57,8.56,8.56,8.55,8.54,8.54,8.54,8.53,8.53,8.52,8.52,8.52,8.51,8.51,8.5,8.49,8.49,8.48,8.48,8.47,8.47,8.46,8.46,8.45,8.44,8.44,8.43,8.42,8.42,8.41,8.41,8.4,8.4,8.39,8.39,8.38,8.38,8.37,8.37,8.36,8.36,8.35,8.35,8.35,8.35,8.34,8.34,8.34,8.34,8.34,8.34,8.34,8.33,8.32,8.31,8.3,8.29,8.28,8.28,8.27,8.26,8.26,8.26,8.26,8.26,8.26,8.27,8.27,8.27,8.28,8.28,8.29,8.29,8.29,8.3,8.3,8.29,8.29,8.27,8.25,8.22,8.21,8.19,8.17,8.16,8.15,8.14,8.12,8.11,8.1,8.09,8.08,8.07,8.05,8.03,8.03,8.02,8.01,8.01,8.01,8,7.99,7.99,7.98,7.96,7.96,7.95,7.95,7.94,7.93,7.93,7.92,7.92,7.91,7.91,7.9,7.88,7.88,7.88,7.88,7.89,7.89,7.89,7.9,7.91,7.91,7.92,7.93,7.95,7.97,7.97,7.99,8,8,8.01,8.01,8.02,8.03,8.04,8.05,8.05,8.04,8.04,8.03,8.03,8.03,8.03,8.03,8.04,8.04,8.04,8.05,8.05,8.05,8.06,8.06,8.07,8.08,8.08,8.08,8.08,8.1,8.1,8.1,8.11,8.11,8.12,8.12,8.13,8.13,8.14,8.14,8.14,8.13,8.13,8.12,8.11,8.11,8.1,8.05,8.05,8.04,8.03,8.02,8.01,8,7.99,7.99,7.98,7.96,7.95,7.94,7.93,7.92,7.92,7.91,7.9,7.88,7.88,7.87,7.85,7.84,7.82,7.81,7.8,7.79,7.78,7.77,7.76,7.75,7.75,7.75,7.76,7.76,7.76,7.77,7.79,7.79,7.79,7.8,7.8,7.81,7.81,7.82,7.82,7.83,7.84,7.84,7.84,7.85,7.85,7.86,7.86,7.87,7.88,7.88,7.9,7.9,7.9,7.91,7.91,7.91,7.92,7.92,7.92,7.93,7.93,7.93,7.94,7.94,7.95,7.96,7.96,7.96,7.97,7.97,7.98,7.99,7.99,7.99,8,8,8.01,8.01,8.02,8.02,8.02,8.03,8.03,8.03,8.03,8.03,8.04,8.04,8.04,8.03,8.03,8.03,8.03,8.03,8.03,8.02,8.02,8.01,8.01,8.01,8,8,7.99,7.99,7.99,7.98,7.97,7.97,7.97,7.96,7.96,7.96,7.96,7.95,7.95,7.95,7.94,7.94,7.94,7.93,7.92,7.92,7.91,7.91,7.9,7.9,7.89,7.88,7.87,7.87,7.88,7.89,7.9,7.91,7.94,7.96,7.98,7.99,8,8.01,8.02,8.03,8.03,8.04,8.05,8.06,8.08,8.09,8.1,8.11,8.12,8.14,8.15,8.16,8.16,8.17,8.18,8.19,8.2,8.21,8.22,8.24,8.25,8.27,8.29,8.31,8.35,8.37,8.38,8.41,8.41,8.41,8.41,8.41,8.42,8.42,8.42,8.43,8.45,8.45,8.46,8.47,8.48,8.48,8.49,8.49,8.49,8.5,8.5,8.51,8.51,8.52,8.52,8.53,8.54,8.55,8.55,8.56,8.57,8.58,8.59,8.59,8.6,8.6,8.61,